  File: /data/mephi-web
  Size: 4096      	Blocks: 8          IO Block: 4096   directory
Device: 8,17	Inode: 2           Links: 3
Access: (2775/drwxrwsr-x)  Uid: ( 1001/mephi-admin)   Gid: ( 1002/mephi-devs)
Context: system_u:object_r:httpd_sys_content_t:s0
Access: 2026-04-10 20:21:58.644116706 +0300
Modify: 2026-04-10 20:35:54.145609972 +0300
Change: 2026-04-10 20:35:54.145609972 +0300
 Birth: 2026-04-10 20:07:18.000000000 +0300
